日期,股票代碼,股息殖利率,PER,PBR
2025-01-15,6994,0.51,82.37,6.13
2025-01-16,6994,0.54,78.9,5.87
2025-01-17,6994,0.54,78.81,5.86
2025-01-20,6994,0.56,76.02,5.66
2025-01-21,6994,0.55,76.95,5.73
2025-01-22,6994,0.51,82.8,6.16
2025-02-03,6994,0.47,90.68,6.75
2025-02-04,6994,0.43,98.73,7.35
