stock_code,company_name,股利_發放_期間,股利_所屬_期間,股東會_日期,除息_交易日,除息_參考_價,填息_完成日,填息_花費_日數,現金_股利_發放日,除權_交易日,除權_參考_價,填權_完成日,填權_花費_日數,現金股利_盈餘,現金股利_公積,現金股利_合計,股票股利_盈餘,股票股利_公積,股票股利_合計,股利_合計,file_type,source_file,download_success,download_timestamp,process_timestamp,stage1_process_timestamp
6245,立端,2018,2017,2018-07-20,2018-08-06,,,,2018-09-17,2018-08-06,,,,2.0,0.0,2.0,0.2,0.0,0.2,2.2,Dividenschedule,FinMind_API_TaiwanStockDividend_6245,True,2026-09-22T08:48:16,2026-09-22T08:48:16,2026-09-22T08:48:16
6245,立端,2019,2018,2019-07-19,2019-08-05,,,,2019-09-17,2019-08-05,,,,2.0,0.0,2.0,0.8,0.0,0.8,2.8,Dividenschedule,FinMind_API_TaiwanStockDividend_6245,True,2026-09-22T08:48:16,2026-09-22T08:48:16,2026-09-22T08:48:16
6245,立端,2020,2019,2020-07-29,2020-08-17,,,,2020-09-17,,,,,2.80101364,0.0,2.80101364,0.0,0.0,0.0,2.80101364,Dividenschedule,FinMind_API_TaiwanStockDividend_6245,True,2026-09-22T08:48:16,2026-09-22T08:48:16,2026-09-22T08:48:16
6245,立端,2021,2020,2021-08-10,2021-08-25,,,,2021-09-30,,,,,3.3282782,0.0,3.3282782,0.0,0.0,0.0,3.3282782,Dividenschedule,FinMind_API_TaiwanStockDividend_6245,True,2026-09-22T08:48:16,2026-09-22T08:48:16,2026-09-22T08:48:16
6245,立端,2022,2021,2022-08-15,2022-08-29,,,,2022-09-30,,,,,3.00002275,0.0,3.00002275,0.0,0.0,0.0,3.00002275,Dividenschedule,FinMind_API_TaiwanStockDividend_6245,True,2026-09-22T08:48:16,2026-09-22T08:48:16,2026-09-22T08:48:16
6245,立端,2023,2022,2023-08-25,2023-09-07,,,,2023-10-19,2023-09-07,,,,4.0,0.0,4.0,0.6,0.0,0.6,4.6,Dividenschedule,FinMind_API_TaiwanStockDividend_6245,True,2026-09-22T08:48:16,2026-09-22T08:48:16,2026-09-22T08:48:16
6245,立端,2024,2023,2024-08-14,2024-08-29,,,,2024-09-30,,,,,4.25,0.0,4.25,0.0,0.0,0.0,4.25,Dividenschedule,FinMind_API_TaiwanStockDividend_6245,True,2026-09-22T08:48:16,2026-09-22T08:48:16,2026-09-22T08:48:16
6245,立端,2025,2024,2025-08-15,2025-09-02,,,,2025-09-30,,,,,4.0,0.0,4.0,0.0,0.0,0.0,4.0,Dividenschedule,FinMind_API_TaiwanStockDividend_6245,True,2026-09-22T08:48:16,2026-09-22T08:48:16,2026-09-22T08:48:16
6245,立端,2026,2025,2026-08-17,2026-09-01,,,,2026-09-30,,,,,3.8,0.0,3.8,0.0,0.0,0.0,3.8,Dividenschedule,FinMind_API_TaiwanStockDividend_6245,True,2026-09-22T08:48:16,2026-09-22T08:48:16,2026-09-22T08:48:16
